camera_model: double_sphere

camera_parameters:
    fx: 287.4051220502792
    fy: 287.0918214519915
    cx: 418.4320859352568
    cy: 399.2573300547613
    chi: -5.883291011083601e-05
    alpha: 0.6475621277135848

stereo_camera_parameters:
    fx: 285.57440198860064
    fy: 285.2537699928203
    cx: 409.616421180929
    cy: 403.1638554248041
    chi: -0.004962889015163288
    alpha: 0.6452952185525773
    tf_t: [0.0641085, -0.000228818, -0.000335977]
    tf_r: [0.0007254, 0.0023484, 0.0003842, 0.9999969]

image_topic: /t265/fisheye1/image_raw
stereo_image_topic: /t265/fisheye2/image_raw
vignette: 0.9
