camera_model: unified

camera_parameters:
    fx: 582.1322074153602
    fy: 582.2305689203351
    cx: 417.9999098965897
    cy: 398.2921202246492
    chi: 1.0367172180446809
    k1: -0.23235340334111648
    k2: -0.09331795423635789
    p1: 0.0006405616537946032
    p2: -0.00011269105649183577

stereo_camera_parameters:
    fx: 567.9412621782228
    fy: 568.0411231558086
    cx: 409.0854103081832
    cy: 402.3729237782882
    chi: 0.9896502530271222
    k1: -0.24543449719567012
    k2: -0.06164413495620493
    p1: 0.0004034238383283751
    p2: -0.00011326560586773559
    tf_t: [0.0641085, -0.000228818, -0.000335977]
    tf_r: [0.0007254, 0.0023484, 0.0003842, 0.9999969]

image_topic: /t265/fisheye1/image_raw
stereo_image_topic: /t265/fisheye2/image_raw
vignette: 0.9
