camera_model: double_sphere

camera_parameters:
    fx: 313.533725
    fy: 313.51138991
    cx: 510.37735
    cy: 514.419593
    chi: -0.18065
    alpha: 0.59186286

stereo_camera_parameters:
    fx: 313.4386621
    fy: 313.359903
    cx: 505.72413717
    cy: 510.5791992
    chi: -0.17829397
    alpha: 0.591774861
    tf_t: [0.1010976, 0.001878, 0.00117]
    tf_r: [-0.0237542, 0.0002876, -0.0004555, 0.9997177]
